2.509871  1.689948  -0.267353  2.809912  6.990669  2.557107  -0.051947  0.197443  1.349304  0.197060  0.743776  -0.094770  
5.614010  2.183382  -0.074847  -0.417941  3.253561  -2.285638  -0.435616  -0.386285  -1.583048  -0.386137  -0.219855  0.227542  
4.113566  3.314966  1.381796  0.529876  3.705900  3.053038  2.570186  1.057064  0.488290  0.346680  0.305612  0.148796  
-1.000000  -1.000000  0.000000  -1.000000  -1.000000  -1.000000  -1.000000  0.000000  -1.000000  -1.000000  -1.000000  -1.000000  
3.226677  0.942333  0.469646  1.723475  3.687554  0.458572  2.803519  1.043498  0.173120  0.033089  0.262451  0.186485  
5.038990  3.710712  0.139427  0.412802  3.865215  -1.880494  0.298802  -0.727552  0.188534  0.155418  0.005478  0.171479  
1.860945  1.584874  1.621527  1.192772  1.845431  0.141494  0.688672  0.803601  0.834793  0.285281  0.243758  0.049707  
1.676107  1.527929  1.521044  1.087107  1.390637  1.121872  1.094626  0.032275  0.722631  0.308227  0.264931  0.045951  
4.975808  3.733457  -0.333423  -1.364533  4.099521  -0.187533  1.138027  -0.928278  -0.050061  0.397279  0.252177  0.153813  
5.573247  2.879726  0.431591  -2.101900  3.619884  -0.718083  -1.321246  -0.887364  -0.905753  0.260104  0.284301  0.066743  
2.959464  2.660151  2.281958  1.814833  2.310508  1.562560  1.645666  0.940487  0.994754  0.678550  0.403565  0.098867  
-0.500000  -1.000000  -1.000000  -1.000000  -0.500000  -0.500000  -1.000000  -1.000000  -1.000000  -0.500000  -0.500000  -1.000000  
0.680236  -2.916059  0.388068  1.376348  2.633509  -1.114130  1.373221  2.555283  0.427124  -0.062764  -0.159172  0.037571  
4.102857  3.128276  1.973103  1.163083  2.896358  1.042249  1.259730  0.048150  -0.168989  0.076063  0.358387  0.136320  
1.656200  1.454642  1.433301  0.984735  1.366653  0.607126  1.391080  0.704705  0.164414  0.302434  0.238054  0.049396  
0.914183  0.495398  0.472139  0.525431  0.362130  -0.522209  0.222381  -0.110309  0.236363  0.105509  0.141291  0.009446  
4.097900  2.058573  -1.266299  -0.858164  4.776904  1.884883  1.653100  0.679163  0.357411  0.201124  0.108321  -0.011907  
4.941842  2.993377  0.463979  1.273706  1.434838  -3.182014  0.952114  -0.884263  -0.834161  -0.882120  -0.084238  0.243497  
3.449150  1.868420  0.816569  0.119088  2.075459  1.751276  2.603518  0.951193  0.667946  0.277752  0.268515  0.090889  
-1.000000  -1.000000  -1.000000  0.000000  -1.000000  -1.000000  -1.000000  -1.000000  0.000000  -1.000000  -1.000000  -1.000000  
4.617311  2.398879  0.126073  0.986277  2.573220  -1.617538  2.055403  0.311375  0.245899  -0.027947  0.258909  0.236684  
4.714529  3.147816  0.907874  2.618114  3.528738  -1.271461  0.879277  -0.254160  -0.135057  -0.698273  0.272629  0.245036  
1.627770  1.311145  1.218341  0.679827  0.582361  0.265970  0.934985  0.699552  0.887968  0.374517  0.233218  0.042012  
1.512668  1.539692  1.655332  0.686802  1.762421  0.026808  1.085180  -0.114133  0.443826  0.240408  0.304274  0.068954  
5.033661  2.633981  -0.357086  0.054472  3.362918  0.392767  0.531145  -0.040316  1.068537  0.738236  0.457753  0.085766  
5.110850  2.492049  1.485001  0.522260  3.589161  -0.794768  -0.416276  0.863219  -0.463647  -0.055138  0.102893  0.112630  
1.680853  1.527224  1.470187  1.107396  1.261716  1.230931  0.949230  0.971819  0.733154  0.463771  0.225777  0.041388  
-0.983233  0.002919  -0.999404  -1.001160  -1.006234  -1.002864  0.009964  -1.001581  -0.995056  -0.995881  -0.993245  0.000486  
4.358369  1.077193  0.301187  0.249225  3.301737  1.021659  1.628525  2.488373  0.496356  0.155060  -0.083948  -0.003817  
4.085332  3.082554  1.864879  0.795481  1.869982  -0.157668  0.442139  -0.844093  -0.528100  -0.269121  0.190973  0.086105  
1.574785  1.380321  1.384803  0.963234  1.080890  0.684219  0.342334  0.333419  0.314406  0.283358  0.185799  0.053219  
0.098779  0.031272  0.027608  -0.208084  -0.112796  0.348300  -0.113888  0.054587  -0.192650  -0.079499  0.003954  -0.003979  
